1000 1997 0 4 1
0 2
0 3
0 4
0 7
1 2
1 4
1 6
1 7
2 5
2 6
3 4
3 5
3 6
4 5
5 6
7 10
7 11
8 9
8 11
8 12
8 13
9 11
9 13
9 14
10 11
10 12
10 13
12 15
12 16
13 15
14 16
14 18
14 19
15 16
15 18
16 17
17 19
17 21
17 23
18 19
18 21
19 20
20 21
20 22
20 23
21 22
22 23
22 24
23 25
24 27
24 28
24 29
25 26
25 27
25 28
26 29
26 30
26 32
27 28
27 29
28 31
29 32
30 31
30 33
30 35
31 32
31 35
32 33
33 34
33 36
34 35
34 37
34 38
35 36
36 37
36 39
37 38
37 39
38 41
38 42
39 40
39 42
40 41
40 43
40 44
41 42
41 43
42 45
43 44
43 45
44 46
44 47
45 46
45 47
46 48
46 49
47 48
47 49
48 50
48 51
49 53
49 54
50 51
50 53
50 54
51 52
51 53
52 56
52 57
52 58
53 57
54 55
54 56
55 57
55 59
55 60
56 58
56 60
57 62
58 59
58 60
59 61
59 62
60 61
61 62
61 63
62 64
63 65
63 66
63 67
64 66
64 67
64 68
65 67
65 68
65 69
66 68
66 69
67 71
68 69
69 71
70 72
70 73
70 76
70 80
71 74
71 77
72 73
72 75
72 77
73 75
73 76
74 75
74 76
74 78
75 79
76 77
77 79
78 80
78 82
78 83
79 80
79 81
80 82
81 83
81 84
81 86
82 83
82 84
83 86
84 85
84 86
85 87
85 88
85 89
86 88
87 89
87 90
87 93
88 89
88 90
89 91
90 92
90 93
91 92
91 93
91 94
92 93
92 94
94 95
94 96
95 98
95 100
95 101
96 97
96 98
96 99
97 100
97 101
97 102
98 99
98 100
99 101
99 102
100 103
101 106
102 103
102 104
103 108
103 109
104 105
104 106
104 107
105 108
105 110
105 111
106 108
106 109
107 108
107 109
107 110
109 111
110 112
110 114
111 112
111 114
112 113
112 115
113 114
113 115
113 116
114 115
115 118
116 117
116 118
116 119
117 120
117 122
117 124
118 121
118 122
119 121
119 122
119 128
120 121
120 122
120 124
121 123
123 125
123 126
123 128
124 125
124 126
125 127
125 130
126 127
126 128
127 130
127 131
128 132
129 134
129 135
129 137
129 138
130 131
130 132
131 133
131 135
132 136
132 137
133 134
133 135
133 139
134 135
134 136
136 137
136 139
137 138
138 139
138 140
139 141
140 143
140 144
140 145
141 142
141 143
141 144
142 143
142 144
142 145
143 147
144 145
145 147
146 148
146 149
146 150
146 153
147 148
147 149
148 150
148 151
149 152
149 153
150 151
150 152
151 156
151 158
152 154
152 155
153 154
153 157
154 159
154 160
155 156
155 157
155 158
156 157
156 158
157 160
158 159
159 160
159 161
160 163
161 162
161 163
161 164
162 163
162 164
162 165
163 167
164 165
164 167
165 168
165 169
166 168
166 169
166 172
166 173
167 169
167 172
168 170
168 171
169 170
170 171
170 173
171 174
171 177
172 175
172 176
173 174
173 176
174 177
174 178
175 177
175 178
175 181
176 177
176 179
178 180
178 181
179 180
179 182
179 183
180 182
180 186
181 182
181 185
182 183
183 184
183 186
184 185
184 186
184 187
185 186
185 187
187 188
187 191
188 189
188 190
188 191
189 190
189 192
189 194
190 191
190 195
191 194
192 193
192 197
192 198
193 194
193 195
193 196
194 195
195 196
196 199
196 201
197 198
197 199
197 200
198 201
198 202
199 201
199 202
200 203
200 205
200 206
201 202
202 203
203 204
203 206
204 205
204 207
204 209
205 206
205 207
206 209
207 208
207 210
208 211
208 212
208 213
209 210
209 212
210 211
210 212
211 213
211 214
212 213
213 215
214 216
214 218
214 220
215 218
215 219
215 220
216 218
216 219
216 220
217 218
217 219
217 220
217 224
219 221
221 222
221 223
221 224
222 223
222 225
222 226
223 224
223 225
224 226
225 228
225 230
226 227
226 228
227 229
227 233
227 235
228 231
228 232
229 230
229 232
229 233
230 231
230 232
231 234
231 236
232 233
233 237
234 236
234 238
234 239
235 236
235 237
235 240
236 237
237 238
238 240
238 243
239 240
239 241
239 243
240 241
241 242
241 243
242 244
242 245
242 246
243 244
244 245
244 246
245 247
245 248
246 249
246 252
247 248
247 250
247 252
248 249
248 250
249 251
249 252
250 251
250 253
251 252
251 253
253 254
253 255
254 256
254 258
254 259
255 256
255 257
255 258
256 257
256 258
257 259
257 261
258 259
259 262
260 263
260 264
260 265
260 266
261 263
261 264
261 266
262 264
262 268
262 269
263 265
263 267
264 265
265 267
266 268
266 269
267 270
267 272
268 269
268 270
269 271
270 272
270 273
271 272
271 273
271 274
272 275
273 276
273 277
274 275
274 278
274 279
275 276
275 277
276 280
276 281
277 278
277 279
278 280
278 281
279 280
279 281
280 282
281 283
282 286
282 287
282 288
283 284
283 285
283 286
284 285
284 286
284 287
285 286
285 287
287 288
288 289
288 290
289 291
289 293
289 294
290 293
290 294
290 296
291 292
291 294
291 295
292 293
292 294
292 295
293 297
295 296
295 299
296 297
296 298
297 300
297 301
298 299
298 300
298 301
299 300
299 301
300 302
301 303
302 304
302 305
302 309
303 308
303 311
303 312
304 305
304 306
304 307
305 306
305 308
306 307
306 309
307 308
307 309
308 310
309 311
310 312
310 313
310 314
311 312
311 313
312 314
313 315
313 316
314 317
314 320
315 317
315 318
315 319
316 318
316 319
316 320
317 318
317 319
318 320
319 321
320 322
321 323
321 324
321 325
322 323
322 324
322 325
323 324
323 325
324 326
325 327
326 328
326 329
326 330
327 328
327 329
327 331
328 329
328 330
329 331
330 332
330 333
331 334
331 335
332 334
332 336
332 337
333 334
333 335
333 336
334 337
335 338
335 340
336 338
336 340
337 338
337 340
338 341
339 340
339 341
339 343
339 344
341 346
341 347
342 343
342 344
342 345
342 346
343 345
343 346
344 347
344 348
345 346
345 347
347 348
348 349
348 352
349 350
349 351
349 352
350 351
350 352
350 354
351 352
351 354
353 355
353 356
353 357
353 358
354 355
354 356
355 357
355 359
356 357
356 359
357 358
358 359
358 361
359 360
360 361
360 363
360 365
361 362
361 363
362 364
362 365
362 366
363 365
363 366
364 367
364 370
364 371
365 366
366 367
367 368
367 372
368 369
368 371
368 372
369 370
369 372
369 373
370 371
370 372
371 374
373 375
373 376
373 377
374 378
374 381
374 382
375 380
375 381
375 382
376 377
376 378
376 379
377 378
377 379
378 381
379 383
379 384
380 381
380 382
380 383
382 384
383 385
383 386
384 385
384 386
385 387
385 388
386 390
386 391
387 390
387 391
387 392
388 389
388 391
388 392
389 390
389 391
389 394
390 392
392 393
393 394
393 395
393 396
394 395
394 396
395 397
395 398
396 397
396 400
397 399
397 400
398 399
398 400
398 401
399 400
399 401
401 402
401 403
402 404
402 405
402 406
403 404
403 407
403 410
404 406
404 407
405 408
405 410
405 413
406 407
406 408
407 411
408 409
408 410
409 412
409 414
409 415
410 411
411 412
411 413
412 415
412 416
413 414
413 415
414 416
414 417
415 418
416 419
416 420
417 419
417 420
417 422
418 419
418 420
418 421
419 422
420 423
421 424
421 425
421 428
422 423
422 424
423 425
423 426
424 425
424 426
425 427
426 428
426 429
427 428
427 429
427 430
428 429
429 430
430 432
430 433
431 432
431 433
431 434
431 435
432 433
432 434
433 435
434 438
434 439
435 436
435 438
436 441
436 444
436 445
437 439
437 441
437 442
437 443
438 439
438 441
439 440
440 443
440 445
440 446
441 442
442 444
442 445
443 444
443 445
444 446
446 448
446 449
447 450
447 451
447 452
447 453
448 450
448 452
448 453
449 450
449 451
449 452
450 451
451 452
453 455
453 456
454 455
454 456
454 457
454 458
455 456
455 457
456 458
457 459
457 460
458 459
458 460
459 461
459 462
460 461
460 462
461 463
461 465
462 463
462 464
463 469
463 471
464 465
464 467
464 468
465 466
465 467
466 468
466 469
466 470
467 471
467 472
468 469
468 470
469 471
470 474
470 475
471 472
472 474
472 475
473 474
473 475
473 476
473 477
474 479
475 476
476 477
476 479
477 482
477 483
478 480
478 482
478 483
478 484
479 480
479 481
480 482
480 483
481 482
481 483
481 484
484 485
484 486
485 488
485 489
485 490
486 487
486 488
486 489
487 490
487 491
487 492
488 489
488 491
489 490
490 492
491 494
491 497
492 493
492 494
493 495
493 496
493 497
494 495
494 496
495 497
495 498
496 499
496 500
497 498
498 499
498 500
499 503
499 504
500 501
500 502
501 503
501 504
501 507
502 503
502 506
502 507
503 506
504 505
504 506
505 507
505 508
505 509
506 508
507 509
508 512
508 513
509 510
509 512
510 511
510 514
510 515
511 513
511 514
511 515
512 517
512 518
513 514
513 515
514 516
515 518
516 520
516 521
516 522
517 518
517 519
517 521
518 520
519 521
519 522
519 523
520 521
520 522
522 523
523 524
523 526
524 525
524 527
524 528
525 526
525 527
525 529
526 527
526 528
527 529
528 531
528 534
529 530
529 531
530 532
530 533
530 534
531 535
531 536
532 533
532 534
532 535
533 534
533 535
535 536
536 538
536 539
537 540
537 542
537 544
537 546
538 540
538 541
538 542
539 540
539 542
539 544
540 541
541 542
541 543
543 545
543 546
543 547
544 545
544 547
545 546
545 547
546 549
547 548
548 551
548 552
548 553
549 550
549 551
549 553
550 552
550 553
550 555
551 552
551 554
552 553
554 555
554 556
554 557
555 558
555 559
556 558
556 559
556 561
557 559
557 562
557 563
558 560
558 561
559 565
560 561
560 562
560 563
561 564
562 563
562 564
563 566
564 565
564 566
565 567
565 568
566 567
566 570
567 569
567 572
568 569
568 570
568 571
569 570
569 571
570 572
571 573
571 575
572 573
572 575
573 576
573 579
574 575
574 576
574 578
574 579
575 576
576 577
577 582
577 584
577 586
578 580
578 581
578 582
579 581
579 582
580 583
580 584
580 585
581 582
581 583
583 585
583 586
584 585
584 586
585 587
586 589
587 591
587 593
587 594
588 589
588 592
588 594
588 595
589 590
589 591
590 592
590 593
590 595
591 593
591 594
592 595
592 596
593 594
595 596
596 597
596 598
597 599
597 600
597 601
598 602
598 603
598 604
599 600
599 601
599 602
600 601
600 602
601 603
602 605
603 604
603 606
604 608
604 611
605 606
605 608
605 609
606 607
606 608
607 610
607 612
607 613
608 611
609 610
609 611
609 612
610 611
610 613
612 614
612 615
613 616
613 618
614 615
614 616
614 617
615 618
615 621
616 617
616 618
617 619
617 622
618 619
619 620
619 622
620 623
620 624
620 626
621 622
621 623
621 624
622 623
623 625
624 626
624 628
625 626
625 627
625 628
626 627
627 629
627 630
628 629
628 630
629 633
629 634
630 633
630 634
631 632
631 633
631 634
631 635
632 634
632 637
632 638
633 635
635 637
635 638
636 637
636 638
636 639
636 640
637 639
638 640
639 641
639 643
640 641
640 642
641 643
641 644
642 645
642 646
642 648
643 644
643 646
644 645
644 646
645 648
645 649
646 647
647 648
647 651
647 652
648 649
649 651
649 652
650 651
650 652
650 653
650 654
651 652
653 654
653 655
653 656
654 655
654 657
655 656
655 657
656 658
656 659
657 660
657 661
658 660
658 661
658 662
659 660
659 661
659 662
660 661
662 663
662 664
663 666
663 667
663 669
664 666
664 667
664 668
665 666
665 670
665 673
665 674
666 667
667 668
668 669
668 671
669 670
669 673
670 671
670 672
671 673
671 675
672 674
672 675
672 676
673 674
674 676
675 677
675 678
676 677
676 679
677 678
677 679
678 680
678 681
679 680
679 681
680 684
680 685
681 682
681 684
682 683
682 684
682 686
683 687
683 689
683 690
684 686
685 687
685 688
685 690
686 687
686 688
687 689
688 690
688 692
689 691
689 693
690 691
691 692
691 694
692 696
692 698
693 695
693 696
693 700
694 695
694 698
694 699
695 696
695 697
696 699
697 700
697 701
697 703
698 699
698 700
699 701
700 702
701 703
701 704
702 703
702 704
702 705
703 704
704 706
705 707
705 708
705 709
706 710
706 711
706 712
707 708
707 709
707 710
708 709
708 710
709 713
710 711
711 712
711 713
712 714
712 715
713 714
713 716
714 715
714 716
715 717
715 718
716 717
716 720
717 718
717 719
718 721
718 722
719 725
719 726
719 728
720 721
720 722
720 723
721 722
721 724
722 723
723 724
723 725
724 726
724 727
725 729
725 730
726 727
726 728
727 730
727 732
728 729
728 730
729 731
729 733
730 731
731 732
731 734
732 735
732 736
733 734
733 736
733 737
734 735
734 736
735 737
735 738
736 737
737 739
738 740
738 741
738 742
739 740
739 741
739 743
740 742
740 746
741 742
741 743
742 744
743 745
743 746
744 747
744 748
744 750
745 747
745 749
745 750
746 747
746 748
747 749
748 750
748 752
749 753
749 754
750 753
751 752
751 753
751 754
751 756
752 755
752 757
753 756
754 755
754 756
755 759
755 761
756 757
757 760
757 763
758 760
758 762
758 763
758 764
759 760
759 762
759 763
760 761
761 764
761 766
762 763
762 764
764 766
765 767
765 768
765 771
765 774
766 767
766 768
767 770
767 771
768 770
768 772
769 770
769 771
769 773
769 774
770 771
772 773
772 775
772 777
773 774
773 775
774 776
775 777
775 778
776 780
776 782
776 784
777 778
777 779
778 781
778 782
779 780
779 783
779 785
780 782
780 783
781 782
781 783
781 784
783 786
784 785
784 786
785 788
785 789
786 787
786 788
787 790
787 791
787 792
788 789
788 790
789 791
789 792
790 791
790 792
791 795
792 793
793 794
793 795
793 796
794 797
794 798
794 799
795 796
795 798
796 797
796 798
797 799
797 801
798 799
799 800
800 801
800 802
800 803
801 804
801 805
802 804
802 805
802 806
803 804
803 805
803 807
804 805
806 807
806 809
806 810
807 809
807 810
808 811
808 812
808 813
808 814
809 810
809 811
810 812
811 813
811 814
812 813
812 814
813 815
814 818
815 817
815 818
815 821
816 818
816 820
816 821
816 822
817 818
817 820
817 821
819 820
819 822
819 823
819 824
820 821
822 823
822 824
823 825
823 826
824 825
824 826
825 827
825 829
826 827
826 828
827 830
827 831
828 829
828 831
828 832
829 831
829 832
830 831
830 833
830 835
832 833
832 834
833 835
833 836
834 835
834 836
834 837
835 836
836 837
837 839
837 840
838 839
838 840
838 841
838 842
839 843
839 844
840 841
840 844
841 842
841 843
842 844
842 845
843 844
843 845
845 846
845 847
846 848
846 850
846 851
847 848
847 850
847 851
848 849
848 851
849 850
849 851
849 852
850 854
852 853
852 854
852 857
853 855
853 856
853 860
854 855
854 856
855 857
855 858
856 857
856 859
857 858
858 859
858 860
859 861
859 862
860 861
860 863
861 862
861 865
862 863
862 865
863 864
863 865
864 866
864 867
864 868
865 869
866 867
866 868
866 870
867 868
867 869
868 870
869 871
869 872
870 871
870 872
871 873
871 874
872 873
872 874
873 875
873 876
874 875
874 876
875 878
875 879
876 877
876 878
877 882
877 883
877 886
878 879
878 880
879 882
879 885
880 882
880 883
880 884
881 882
881 883
881 885
881 886
883 885
884 886
884 887
884 888
885 887
886 889
887 888
887 889
888 890
888 891
889 890
889 892
890 894
890 895
891 894
891 895
891 897
892 895
892 897
892 899
893 895
893 896
893 898
893 899
894 896
894 897
896 899
896 900
897 898
898 899
898 900
900 901
900 902
901 903
901 904
901 905
902 903
902 904
902 905
903 906
903 907
904 906
904 907
905 908
905 910
906 907
906 908
907 911
908 909
908 910
909 911
909 912
909 914
910 911
910 912
911 913
912 916
912 917
913 914
913 915
913 916
914 915
914 916
915 917
915 918
916 917
917 920
918 921
918 922
918 923
919 921
919 922
919 923
919 924
920 923
920 924
920 925
921 922
921 924
922 923
924 925
925 927
925 928
926 927
926 929
926 931
926 932
927 928
927 929
928 930
928 931
929 932
929 933
930 931
930 932
930 933
931 934
932 935
933 934
933 937
934 935
934 939
935 936
935 937
936 938
936 939
936 940
937 939
937 941
938 939
938 941
938 942
940 941
940 942
940 945
941 943
942 944
942 946
943 944
943 948
943 949
944 945
944 946
945 947
945 948
946 947
946 948
947 950
947 954
948 949
949 950
949 951
950 952
950 953
951 952
951 953
951 955
952 953
952 956
953 954
954 955
954 958
955 957
955 958
956 959
956 960
956 962
957 958
957 959
957 960
958 961
959 963
959 965
960 961
960 962
961 964
961 965
962 963
962 964
963 965
963 966
964 965
964 966
966 968
966 969
967 970
967 971
967 974
967 975
968 969
968 970
968 971
969 970
969 971
970 972
971 973
972 974
972 975
972 976
973 975
973 977
973 978
974 975
974 977
976 978
976 980
976 981
977 978
977 979
978 981
979 982
979 984
979 985
980 982
980 983
980 984
981 986
981 987
982 983
982 984
983 985
983 986
984 985
985 986
986 987
987 989
987 991
988 989
988 990
988 991
988 992
989 991
989 992
990 991
990 992
990 993
992 994
993 995
993 996
993 997
994 995
994 997
994 998
995 997
995 998
996 999
997 998
