1000
29
49
67
25
35
95
35
59
28
87
65
97
98
80
21
45
41
11
68
33
81
84
41
91
68
38
84
100
53
30
16
90
66
91
40
42
95
98
13
76
99
30
48
28
40
50
94
41
53
84
40
87
35
50
56
21
42
8
27
46
41
65
95
23
13
49
45
10
35
16
56
93
13
18
88
29
16
88
16
67
15
24
75
6
92
61
31
51
60
36
46
97
65
27
26
31
80
80
75
33
22
73
63
72
88
88
5
39
34
78
93
43
72
99
80
78
1
49
68
56
93
68
39
66
71
62
33
76
64
63
49
30
86
49
35
96
69
19
44
88
23
52
11
1
69
75
80
2
57
54
4
39
19
92
28
84
20
83
3
1
10
10
55
50
47
44
8
97
36
4
36
57
23
82
95
45
88
82
98
11
41
23
71
90
5
6
48
40
3
70
13
46
88
94
93
17
18
34
38
55
37
34
53
57
37
55
28
28
62
76
94
28
48
38
89
61
71
84
55
30
58
27
67
59
32
98
44
2
7
10
29
94
69
89
7
61
5
17
8
13
60
12
56
14
19
18
45
10
28
22
2
25
85
58
1
32
76
39
99
14
41
58
96
67
58
22
3
29
49
82
65
32
12
94
81
53
62
82
49
3
58
87
91
75
41
83
51
90
61
68
58
9
41
72
88
28
53
52
32
4
78
11
12
97
60
15
88
60
79
79
19
58
92
56
41
49
53
26
76
71
88
37
46
98
18
74
85
51
43
68
10
8
62
25
32
56
74
70
53
64
53
38
59
93
98
39
49
30
74
46
61
57
36
95
82
50
17
38
7
79
26
29
30
90
77
58
63
81
32
75
21
25
98
45
3
35
8
59
17
48
56
53
6
11
84
97
34
89
89
45
57
72
4
63
35
33
66
15
35
29
81
3
50
31
2
1
49
12
18
1
56
91
14
30
51
17
50
48
30
54
55
39
60
94
79
95
9
67
18
20
13
74
8
61
91
5
34
10
82
33
20
19
14
97
64
28
55
51
24
63
23
46
2
48
48
34
29
88
12
44
4
53
33
98
51
2
73
75
70
28
58
72
90
41
4
44
95
56
35
81
72
2
48
84
23
24
81
66
92
35
97
50
5
45
43
80
96
33
93
99
9
99
85
55
40
38
96
20
67
30
79
8
85
22
69
49
77
87
31
16
2
63
99
43
29
58
90
20
93
35
72
55
84
67
39
56
50
18
28
63
39
78
99
71
54
14
7
93
1
49
81
51
58
72
46
31
11
2
59
22
81
95
30
100
86
7
43
81
76
29
60
99
24
16
75
70
33
51
81
76
7
73
96
55
99
63
35
24
31
27
18
71
52
53
61
29
24
97
50
25
43
45
39
36
89
4
86
41
73
60
59
33
45
89
24
24
91
72
92
72
94
63
51
89
22
46
19
55
29
91
36
57
89
35
44
92
15
38
81
84
10
33
85
53
90
63
89
6
29
49
47
15
79
12
98
70
78
29
39
98
78
95
88
83
27
93
18
49
49
34
28
15
64
83
64
39
20
4
86
82
60
28
36
98
7
68
54
77
90
43
33
29
46
99
28
89
41
94
18
35
76
11
63
2
35
98
15
56
16
13
9
86
14
45
53
85
26
52
48
58
53
47
22
97
62
96
42
5
43
39
26
76
43
59
65
46
31
4
34
20
89
40
40
60
94
7
24
68
59
80
44
5
39
73
81
37
77
22
83
53
82
71
69
37
79
88
88
78
19
3
90
99
71
42
64
19
44
94
37
2
23
24
69
47
32
14
34
67
100
25
7
72
44
83
39
33
27
40
98
6
69
47
18
4
31
55
40
19
76
15
54
32
69
27
21
2
64
53
5
85
70
5
85
66
75
69
49
94
84
17
80
86
84
99
86
44
93
67
10
8
45
73
9
78
86
3
94
72
95
78
71
23
52
90
14
88
81
24
58
13
86
60
25
30
45
23
74
58
56
37
48
31
73
40
89
79
69
91
25
84
97
74
63
31
38
24
74
80
51
73
50
10
52
37
31
55
58
88
35
67
53
83
23
2
47
69
34
88
54
86
94
22
14
17
73
94
39
94
21
28
18
7
86
96
94
36
80
39
80
37
92
67
35
32
74
43
15
76
73
28
87
2
53
62
94
74
82
47
3
74
91
59
72
87
32
92
65
13
17
56
19
6
25
61
47
27
59
37
77
63
5
49
30
73
21
60
34
29
53
68
91
98
63
85
91
71
55
69
65
8
45
49
75
36
70
70
92
17
32
44