1000
78
39
19
65
53
13
52
52
93
24
97
90
95
69
65
77
31
11
18
16
21
5
26
79
85
84
86
56
82
79
25
34
79
99
65
59
82
42
90
73
4
96
80
58
1
20
96
50
89
89
34
84
100
48
70
92
8
35
61
10
73
56
100
48
23
16
57
83
8
72
65
98
24
42
94
95
53
33
17
1
79
62
71
20
2
43
70
12
17
42
19
99
44
43
80
53
89
43
40
27
11
93
66
2
55
31
95
86
92
34
68
78
34
35
37
42
40
74
37
39
52
73
38
81
59
55
40
51
70
15
46
64
19
23
16
66
62
74
77
67
61
14
6
93
74
16
28
83
4
1
55
38
92
13
99
98
55
83
84
37
13
5
87
34
45
8
32
80
80
60
79
18
60
48
34
3
34
40
92
6
20
8
45
44
37
54
51
99
10
9
89
27
35
85
62
20
75
14
61
11
22
76
61
54
69
10
24
15
19
48
69
41
90
7
22
61
93
43
20
56
38
24
6
30
76
50
73
72
59
3
12
99
44
19
50
40
4
59
9
41
97
99
54
58
44
86
47
89
85
45
31
60
82
4
100
48
8
56
19
68
4
10
99
12
25
17
100
60
70
51
25
5
95
93
97
14
94
18
71
45
84
35
88
9
26
100
54
88
82
16
23
73
98
38
21
87
82
13
89
86
9
25
26
48
6
96
64
49
30
5
15
52
4
74
58
25
54
82
52
79
51
9
63
51
46
17
15
39
70
75
58
10
7
51
46
5
58
45
41
91
33
8
2
34
62
17
15
77
78
45
79
87
46
100
29
1
10
86
56
81
3
64
3
95
31
56
45
100
94
27
94
7
40
31
64
76
74
93
90
24
71
9
94
3
12
21
26
4
40
69
57
87
63
32
53
74
69
8
70
42
75
76
76
82
37
51
18
32
35
25
18
4
3
50
82
27
33
59
2
60
31
37
28
55
42
70
42
47
21
87
37
78
73
56
91
36
50
74
95
16
6
70
29
55
100
72
74
11
53
63
89
9
83
28
92
65
53
42
42
18
79
17
15
80
99
60
51
45
86
97
47
64
43
95
85
38
45
87
91
64
11
56
55
63
52
65
38
83
88
22
19
58
52
22
19
20
26
67
44
92
73
29
27
46
53
33
35
77
98
15
56
21
12
10
12
65
82
8
61
59
39
59
100
88
51
46
22
15
86
66
90
47
16
8
14
64
13
16
91
52
79
80
41
87
11
87
64
9
81
25
70
40
69
99
17
40
99
53
11
44
66
49
9
72
37
67
25
18
78
39
74
70
93
70
27
32
73
24
75
84
38
92
20
98
91
30
73
38
14
87
74
59
31
71
36
68
38
19
83
70
14
2
6
92
78
57
85
22
14
8
48
33
84
57
99
90
1
99
25
14
56
72
88
13
48
60
89
98
42
6
9
42
54
42
83
14
16
13
87
4
9
84
25
87
31
72
12
35
22
87
82
43
99
48
8
69
75
65
30
44
13
2
14
93
21
23
27
24
82
54
42
95
83
91
92
5
63
73
14
13
43
10
26
50
32
68
79
83
58
6
45
40
3
22
90
83
61
32
65
65
72
69
89
14
64
47
50
60
12
4
73
40
31
26
58
3
72
30
8
83
5
30
92
43
36
53
78
25
7
90
4
11
34
32
33
57
71
12
3
4
78
65
46
61
27
74
58
62
98
59
35
50
49
14
48
29
45
41
81
10
94
88
78
60
49
96
89
48
77
47
4
93
82
20
5
15
67
20
62
78
58
35
33
47
42
45
57
29
8
68
84
86
24
70
17
77
83
13
10
4
34
87
15
94
58
74
16
74
90
72
18
52
56
63
94
18
4
40
63
40
63
40
38
5
98
82
87
25
94
12
23
72
37
85
40
100
100
57
34
3
78
19
50
68
44
89
52
72
70
22
34
66
33
68
71
12
27
1
6
22
93
19
56
8
3
1
57
23
87
30
84
45
20
25
9
54
6
62
41
28
41
76
30
47
42
8
96
62
1
58
95
50
64
3
26
12
36
14
25
35
87
45
12
72
7
53
69
26
83
55
89
18
36
85
30
63
54
51
64
79
29
71
26
46
59
77
52
41
87
93
48
72
37
35
78
69
69
95
64
43
6
46
39
38
12
74
12
73
97
11
100
100
62
20
19
74
74
87
87
58
41
81
53
93
63
54
12
66
75
37
92
2
18
41
75
97
9
94
26
39
48
27
87
52
45
6
66
49
9
95
90
35
14
26
34
27
95
35
21
33