500
5
4
6
8
12
4
56
8
16
7
94
18
35
14
25
7
6
9
2
1
15
14
2
5
8
4
6
8
12
7
65
12
4
35
16
53
1
5
9
4
5
8
1
6
8
7
1
5
9
1
0
0
5
8
4
9
2
7
9
8
1
6
8
4
5
9
1
2
3
2
6
8
1
3
12
13
16
17
18
16
8
21
20
0
35
6
8
19
1
7
0
2
6
9
8
7
1
2
3
1
10
5
4
6
8
12
4
56
8
16
7
94
18
35
14
25
7
6
9
2
1
15
14
2
5
8
4
6
8
12
7
65
12
4
35
16
53
1
5
9
4
5
8
1
6
8
7
1
5
9
1
0
0
5
8
4
9
2
7
9
8
1
6
8
4
5
9
1
2
3
2
6
8
1
3
12
13
16
17
18
16
8
21
20
0
35
6
8
19
1
7
0
2
6
9
8
7
1
2
3
11
5
4
6
8
12
4
56
8
16
7
94
18
35
14
25
7
6
9
2
1
15
14
2
5
8
4
6
8
12
7
65
12
4
35
16
53
1
5
9
4
5
8
1
6
8
7
1
5
9
1
0
0
5
8
4
9
2
7
9
8
1
6
8
4
5
9
1
2
3
2
6
8
1
3
12
13
16
17
18
16
8
21
20
0
35
6
8
19
1
7
0
2
6
9
8
7
1
2
5
4
6
8
12
4
56
8
16
7
94
18
35
14
25
7
6
9
2
1
15
14
2
5
8
4
6
8
12
7
65
12
4
35
16
53
1
5
9
4
5
8
1
6
8
7
1
5
9
1
0
0
5
8
4
9
2
7
9
8
1
6
8
4
5
9
1
2
3
2
6
8
1
3
12
13
16
17
18
16
8
21
20
0
35
6
8
19
1
7
0
2
6
9
8
7
1
2
3
11
5
4
6
8
12
4
56
8
16
7
94
18
35
14
25
7
6
9
2
1
15
14
2
5
8
4
6
8
12
7
65
12
4
35
16
53
1
5
9
4
5
8
1
6
8
7
1
5
9
1
0
0
5
8
4
9
2
7
9
8
1
6
8
4
5
9
1
2
3
2
6
8
1
3
12
13
16
17
18
16
8
21
20
0
35
6
8
19
1
7
0
2
6
9
8
7
1
2
3
1
8