500
34
53
95
62
93
8
39
90
20
36
74
63
17
47
12
83
23
85
40
29
85
23
51
91
27
42
38
23
29
56
27
3
91
35
43
28
89
93
18
27
57
99
30
27
54
31
97
11
4
89
55
75
58
31
61
78
23
32
29
47
85
63
38
10
92
77
15
79
16
12
71
40
91
4
56
20
18
37
7
72
42
87
48
55
87
86
64
83
93
9
11
50
67
5
55
92
97
12
43
65
81
9
72
67
58
68
8
58
90
97
16
64
59
81
8
98
53
65
51
36
14
79
45
81
43
61
66
29
18
65
71
60
13
63
76
86
39
97
52
10
74
56
34
13
38
65
75
22
12
59
76
39
19
53
86
39
60
77
91
67
20
14
64
36
60
27
34
34
8
32
27
91
86
90
3
72
31
57
87
37
51
21
29
13
46
71
10
56
54
33
41
44
97
45
62
87
37
24
11
15
75
54
74
57
13
26
36
53
18
31
90
86
12
67
99
14
41
97
6
100
31
2
34
89
99
64
83
7
1
35
72
1
7
65
55
45
43
85
53
67
43
81
60
54
64
60
95
37
55
39
85
16
1
19
53
66
77
77
42
35
28
75
11
23
12
83
46
58
50
94
50
11
31
49
80
12
10
28
51
100
52
57
92
51
44
49
97
95
71
23
80
16
37
57
89
71
82
82
54
52
24
14
87
58
52
85
78
96
80
44
68
1
73
31
14
21
54
20
47
35
25
57
27
24
77
84
74
67
58
68
83
67
69
84
88
93
44
8
87
50
54
84
10
25
32
21
27
95
17
99
72
20
92
57
95
9
39
45
10
95
54
63
50
4
55
85
69
11
66
9
46
55
94
95
96
63
99
95
72
88
94
87
18
16
18
74
23
51
49
71
84
25
8
1
6
46
60
16
33
90
50
58
27
90
26
66
56
25
44
29
92
16
48
95
78
40
69
99
11
84
72
47
74
27
75
84
15
41
100
46
86
100
68
94
67
59
55
96
65
25
21
55
48
99
56
11
48
39
24
86
27
94
63
56
39
79
63
14
90
62
73
79
62
75
13
25
10
62
16
45
58
12
29
57
31
94
73
37
100
34
19
34
80
8
12
11
94
14
64
26
18
76
49
26
39
63
59
50
98
84