10000
194
397
34
89
279
937
214
355
902
773
977
988
732
516
399
197
557
329
530
857
715
710
22
353
672
904
580
326
501
302
167
634
157
424
710
808
897
381
326
818
992
116
220
888
882
148
884
766
865
575
352
639
885
289
809
165
507
254
763
811
985
258
48
98
56
418
852
807
22
791
631
637
871
19
28
975
728
380
782
974
312
21
610
448
380
804
493
538
917
78
818
20
111
670
888
578
217
581
806
860
324
716
980
155
785
725
200
619
916
439
849
352
463
335
547
313
156
347
455
794
563
923
838
421
580
745
475
896
690
431
282
306
901
335
929
518
130
357
385
682
960
145
760
826
849
665
503
557
355
892
347
586
162
897
2
843
492
717
700
958
273
171
460
669
981
509
385
860
204
737
277
279
376
711
561
278
282
687
355
353
379
568
589
661
773
707
251
201
619
454
385
594
225
204
95
489
146
338
658
351
260
156
343
223
914
117
311
49
630
646
98
399
952
981
361
664
56
575
196
163
340
529
212
982
958
288
327
475
142
961
246
371
247
178
788
773
472
814
941
111
329
816
384
893
920
359
955
184
375
488
578
669
956
786
843
326
485
170
593
926
173
830
626
670
256
214
7
101
142
543
848
636
528
90
330
383
893
865
847
183
574
626
775
516
14
788
616
368
944
573
648
239
668
854
778
634
850
310
621
603
106
235
453
371
93
448
387
151
291
216
904
161
490
297
274
259
479
411
600
246
373
559
936
568
631
957
170
852
507
405
945
700
54
679
494
929
662
847
840
195
119
752
316
572
950
113
548
238
859
908
824
205
719
451
422
279
122
454
22
136
343
271
799
875
950
271
296
882
958
233
548
374
597
755
525
554
157
846
483
754
470
283
682
481
930
509
61
199
24
845
618
74
544
56
644
924
136
173
359
546
985
851
188
804
529
752
777
576
453
876
563
177
67
859
514
662
162
393
794
421
182
479
474
509
684
316
515
443
598
216
975
500
67
914
923
834
358
769
850
42
217
447
479
49
799
793
190
655
187
667
176
796
880
928
386
495
845
303
529
101
516
602
932
390
184
688
981
259
777
98
277
860
798
203
811
38
341
312
449
129
89
686
884
568
689
939
629
874
41
981
537
573
103
655
721
994
269
938
607
307
22
376
398
977
582
196
588
10
58
197
719
80
401
528
97
685
958
341
561
930
163
762
999
967
363
676
596
453
500
21
268
623
368
399
433
118
743
286
917
619
122
395
635
704
470
116
459
264
130
577
440
21
503
154
120
24
668
181
479
242
803
867
0
185
260
962
506
7
827
125
274
813
880
63
739
452
83
870
31
492
186
364
232
677
49
650
327
691
29
957
432
415
453
34
488
599
989
381
333
216
672
717
848
746
777
20
465
98
622
611
296
93
618
234
571
639
886
708
537
532
59
856
505
942
70
397
800
781
120
149
805
316
457
618
723
976
761
407
370
220
707
149
978
471
694
645
542
303
353
981
57
215
810
588
263
860
186
95
746
829
241
918
0
417
434
713
653
162
707
403
707
759
372
153
562
823
793
60
141
209
565
745
163
369
357
410
639
981
494
590
197
373
388
859
320
721
208
980
205
476
332
669
62
398
263
275
452
520
624
577
196
592
680
165
484
277
321
128
747
700
668
204
882
912
276
353
771
401
629
840
476
99
8
977
520
199
774
495
762
870
326
408
863
514
109
763
535
647
313
578
560
22
114
783
879
931
910
867
123
676
839
81
784
658
770
730
477
468
439
377
939
446
696
582
986
217
17
376
937
516
786
171
369
624
507
298
512
65
757
54
989
320
33
420
524
349
695
268
976
586
389
893
944
379
354
871
440
306
638
73
261
110
160
768
348
947
979
345
759
630
486
629
957
255
671
403
509
168
947
356
703
365
764
752
799
745
32
670
823
856
657
384
320
20
239
941
828
934
678
815
91
262
733
397
391
286
413
724
374
952
601
158
493
656
128
108
172
101
397
751
641
640
279
730
844
911
258
876
916
372
857
994
261
157
21
369
719
329
439
97
52
48
902
749
909
201
846
910
721
753
53
247
740
991
947
988
328
557
277
140
258
584
574
181
723
184
715
310
441
659
313
144
890
389
774
469
877
426
112
203
501
651
78
522
930
423
705
192
181
465
614
479
576
207
507
92
113
354
883
24
497
721
416
19
908
137
580
756
431
80
636
893
217
895
434
499
152
900
853
20
57
999
447
81
324
837
795
139
289
480
729
786
539
952
215
328
815
146
141
755
584
222
693
74
627
271
814
415
602
212
412
66
912
571
117
175
520
357
514
838
458
637
936
208
42
513
682
913
270
339
829
945
957
642
719
492
15
9
765
729
628
281
120
720
101
26
819
541
921
13
20
873
189
181
156
783
68
643
677
876
926
793
791
415
352
334
670
129
744
256
4
166
242
944
431
537
276
983
526
550
99
751
85
680
880
276
723
395
227
17
828
451
106
206
200
52
30
759
583
499
138
128
439
857
272
717
963
152
738
374
898
878
258
848
90
55
351
142
727
975
948
614
83
836
334
664
459
250
515
809
660
528
305
134
249
375
146
564
434
51
754
52
826
746
778
915
413
690
989
536
620
887
579
15
407
818
855
83
422
117
522
199
675
754
363
869
679
644
836
472
808
757
689
124
27
718
327
598
292
141
38
637
832
880
397
136
259
985
465
409
634
514
465
279
375
799
769
977
69
74
137
566
567
810
42
474
857
901
700
835
946
852
262
130
901
582
84
804
698
812
926
400
894
164
851
203
372
401
121
847
358
304
759
138
452
589
593
307
471
484
47
223
563
299
683
969
927
972
652
73
330
145
644
203
516
184
259
936
870
254
182
162
239
264
576
160
484
684
867
113
322
838
706
294
219
502
462
232
4
527
483
313
687
851
623
758
873
514
326
914
41
577
189
838
260
558
513
308
337
402
291
482
942
256
27
780
63
178
629
595
141
450
620
105
283
350
146
822
56
301
489
828
242
374
41
983
744
359
998
633
305
235
141
218
358
789
372
316
953
201
651
60
537
338
907
964
115
358
169
46
31
525
902
483
596
840
710
314
904
479
523
284
423
763
718
763
855
890
530
667
143
712
85
153
442
114
363
400
588
927
656
330
335
647
362
715
458
101
705
410
823
497
892
633
424
398
250
419
365
802
665
333
820
996
486
765
965
399
938
567
529
589
757
287
983
903
993
384
730
336
766
835
339
362
573
987
446
144
659
621
795
642
949
198
44
15
339
468
70
613
682
958
582
427
145
976
721
272
103
486
935
701
543
225
565
509
978
472
39
325
80
126
398
989
50
745
955
62
654
835
376
751
528
169
743
792
746
697
618
151
48
280
486
640
514
409
604
694
311
194
565
681
282
385
130
112
116
372
149
654
182
461
232
545
24
220
568
765
507
406
533
695
912
188
377
229
59
790
74
51
639
822
494
248
727
994
178
815
318
913
199
609
692
462
161
704
486
306
229
207
833
596
95
757
546
515
534
208
885
709
884
853
776
504
93
438
659
869
355
749
190
620
44
69
63
915
65
479
886
528
835
794
551
38
972
252
484
28
287
213
564
120
126
107
492
843
822
959
816
254
953
814
519
3
895
876
656
118
202
668
916
682
357
514
186
992
351
473
800
218
154
344
413
253
851
302
137
869
669
935
365
754
295
615
36
409
998
436
981
509
40
288
956
212
471
627
172
742
605
479
148
768
338
5
539
175
680
237
993
464
423
274
267
196
682
60
666
641
492
215
353
748
16
585
938
409
893
785
732
77
626
323
314
555
291
416
531
451
640
58
633
681
462
180
640
929
157
664
510
96
614
795
353
933
918
283
281
871
499
448
572
152
177
224
559
303
2
229
664
356
544
961
69
572
24
154
144
76
429
648
498
689
222
26
248
222
534
233
431
48
421
573
64
172
439
763
167
16
817
816
694
14
372
471
545
716
928
542
110
505
614
87
435
418
314
442
899
570
923
728
646
337
336
298
492
115
512
320
958
529
686
13
170
317
824
479
17
230
186
341
302
828
372
450
949
133
636
606
813
6
953
75
803
965
78
444
13
507
295
754
608
135
948
536
495
62
7
110
553
158
74
492
413
281
34
60
532
527
570
586
626
845
758
503
859
490
45
416
967
471
553
109
745
806
655
262
290
699
53
232
844
288
789
605
302
637
309
18
843
868
647
553
551
83
100
551
504
370
384
672
620
940
538
558
797
362
795
657
262
123
576
16
288
424
101
653
805
883
384
215
864
944
928
265
135
788
128
736
303
986
211
794
82
36
501
241
263
295
988
654
79
711
474
443
399
769
360
553
695
344
552
160
790
166
239
205
991
500
517
701
204
438
211
112
589
909
119
881
685
256
903
802
50
61
976
572
575
192
841
779
263
158
345
672
536
772
994
425
890
96
168
995
699
545
130
399
256
555
508
835
497
834
566
559
450
328
341
503
298
713
92
993
650
75
319
372
44
996
443
753
124
67
181
573
247
113
790
12
79
680
687
490
177
769
919
42
660
844
670
474
989
168
221
805
203
27
277
872
428
179
696
65
586
690
87
744
590
912
801
554
767
210
101
338
623
921
261
392
411
758
967
750
356
40
936
389
119
776
327
295
637
956
524
613
167
480
123
80
603
171
745
716
339
420
882
641
832
381
772
291
267
704
659
74
683
935
178
580
872
408
267
133
603
28
691
840
8
833
181
64
817
21
297
976
208
643
409
872
48
706
96
465
33
873
671
967
510
159
502
581
341
126
427
559
658
720
17
368
640
489
728
172
189
84
685
0
321
322
487
710
667
796
998
676
448
378
655
580
473
189
647
870
487
654
572
73
630
297
203
225
867
460
945
226
884
26
930
746
842
45
647
261
325
447
264
762
405
33
182
930
720
708
971
473
21
189
721
422
611
198
500
613
894
151
476
931
8
668
762
193
784
448
719
905
866
367
500
349
43
145
225
224
134
474
5
620
744
598
727
986
461
474
551
801
781
997
860
941
310
286
91
360
287
759
929
903
14
975
109
667
478
398
820
144
953
401
530
522
230
101
314
547
871
160
506
361
610
523
710
212
530
123
384
149
497
143
737
666
812
852
111
799
763
836
850
990
667
182
828
951
594
454
981
626
223
149
168
193
987
43
438
467
712
329
597
275
692
331
220
983
882
378
966
268
957
688
776
967
82
477
49
711
241
246
317
998
407
165
14
69
668
435
263
911
764
394
190
382
756
592
758
554
978
317
414
424
65
53
834
551
64
225
211
717
766
696
174
872
629
299
302
425
152
15
126
915
793
611
55
842
844
392
275
54
129
944
676
798
802
208
715
361
282
831
96
103
310
585
11
959
579
709
942
690
651
369
991
732
173
496
109
675
112
753
262
879
428
825
482
378
693
699
184
169
100
396
355
744
180
483
641
740
294
997
856
138
610
63
181
645
195
4
386
620
220
591
171
234
877
370
598
983
53
484
877
596
50
185
393
348
388
132
140
142
626
984
458
934
952
940
629
35
102
996
748
331
366
452
352
307
529
456
931
19
78
22
461
518
576
269
60
319
587
767
623
7
563
162
271
475
289
836
395
49
955
28
254
195
623
894
719
565
452
822
541
441
157
766
909
530
538
443
937
405
972
817
487
443
941
254
603
379
154
764
154
724
983
224
220
856
877
840
901
69
690
474
776
173
301
679
720
701
340
854
77
786
700
84
991
559
116
153
483
307
135
983
199
360
948
460
523
902
59
398
765
678
758
326
361
259
970
189
500
378
985
739
811
170
454
598
941
766
436
736
177
144
146
713
461
512
231
811
469
546
326
901
196
741
190
575
314
407
665
892
890
654
943
446
543
921
878
947
187
845
856
404
739
60
201
271
810
368
756
202
864
230
841
752
182
325
797
353
417
973
557
801
569
572
936
218
309
843
329
389
117
152
878
36
132
765
904
899
551
501
575
485
158
231
497
443
390
931
742
175
209
225
539
991
243
881
546
564
449
405
970
754
360
290
696
74
624
165
610
27
211
355
579
312
629
721
648
843
1
282
390
30
238
215
14
498
541
64
847
905
568
857
838
997
728
296
900
732
931
866
907
515
328
109
534
791
640
344
621
186
731
175
498
427
788
467
107
854
891
734
748
635
196
260
120
307
249
973
676
564
753
895
56
85
123
280
403
637
691
792
802
46
168
293
292
559
207
273
501
576
8
246
717
414
691
882
236
222
86
573
101
222
526
95
804
935
71
879
461
295
555
246
931
115
891
913
785
497
12
269
624
811
136
381
910
392
648
967
191
300
140
222
163
344
623
456
404
340
161
591
722
425
786
868
148
91
256
503
437
243
702
803
185
547
713
487
987
595
735
880
316
33
350
553
586
372
543
917
763
33
653
987
12
246
678
407
178
852
965
98
292
3
240
344
107
669
149
151
976
148
452
615
752
311
809
821
910
647
130
241
557
225
631
648
72
196
882
668
217
425
644
574
818
83
952
622
43
460
913
225
584
711
660
929
910
724
801
195
483
653
20
482
847
160
834
9
898
549
346
565
715
135
625
696
923
703
730
522
356
140
728
82
505
207
625
539
619
115
778
666
668
66
649
803
228
498
803
835
694
6
994
519
167
609
810
652
266
333
712
648
90
834
367
278
701
962
897
455
65
328
375
779
7
961
421
896
545
987
5
121
184
891
126
79
486
659
0
533
861
279
927
749
466
936
858
392
970
770
695
59
311
792
13
501
422
176
269
868
153
80
701
976
884
255
674
175
878
209
626
600
854
218
940
59
303
972
932
869
962
492
127
233
246
654
591
42
975
881
667
205
376
260
663
339
974
656
771
613
282
376
706
912
954
34
386
800
86
74
707
848
74
172
165
183
181
278
658
214
532
904
453
254
459
428
982
623
833
536
468
243
375
314
133
82
446
19
941
758
674
316
784
998
22
733
965
495
573
997
378
814
466
619
854
547
245
107
975
784
827
172
713
319
912
278
87
281
492
905
289
858
343
496
594
818
818
500
428
167
988
998
674
230
437
924
802
648
171
893
62
833
158
391
758
532
330
957
411
146
977
607
522
169
954
169
315
705
26
237
565
298
845
285
175
449
625
504
166
961
168
78
374
206
568
39
191
285
280
813
830
328
225
394
484
357
686
907
167
6
586
476
699
803
853
182
981
331
330
363
780
642
400
218
468
92
451
862
456
600
479
449
772
960
832
62
364
420
184
339
52
262
862
253
180
912
367
446
824
521
852
801
474
359
800
230
60
319
524
665
166
304
81
381
384
229
914
942
949
673
283
108
900
436
849
835
219
156
8
624
923
47
35
910
59
156
675
77
385
922
503
364
732
40
837
334
159
276
650
976
354
903
724
690
675
205
257
916
949
666
35
24
306
488
314
917
962
518
342
932
360
202
328
363
437
790
300
390
692
568
470
798
177
844
981
58
87
717
320
681
956
560
924
634
995
777
151
643
70
479
308
37
237
514
219
593
351
445
940
140
516
342
472
949
430
451
141
847
354
814
860
465
574
865
336
891
0
213
781
452
664
164
946
230
3
863
812
411
566
729
489
281
899
298
438
504
179
503
237
149
520
735
831
159
221
297
594
862
725
409
407
427
821
329
546
331
111
916
367
805
460
806
998
267
421
247
74
421
325
14
827
32
343
210
990
262
279
692
726
223
648
744
250
286
906
906
387
78
117
358
335
627
222
712
439
293
741
593
553
302
857
307
603
277
312
508
717
811
719
414
73
483
283
327
34
863
921
964
766
941
408
904
722
728
633
770
897
211
808
301
343
584
410
906
360
543
498
712
472
714
674
67
343
333
842
777
499
339
968
441
2
875
917
231
266
953
696
58
175
665
129
47
161
791
956
390
126
994
687
698
115
135
170
815
643
81
178
795
241
446
330
414
448
548
440
230
181
314
535
219
181
220
485
154
680
503
499
765
586
58
940
407
450
581
228
374
553
987
711
145
760
595
708
192
182
221
532
162
781
207
602
145
968
343
536
827
427
451
731
738
15
460
389
643
225
929
941
372
229
72
997
901
764
103
800
177
599
441
366
671
247
348
93
176
883
455
797
757
253
384
512
273
570
403
149
689
931
23
616
733
252
307
279
158
625
686
91
567
784
636
921
584
463
84
916
533
43
942
585
565
754
834
15
998
917
716
593
342
782
99
497
133
690
520
682
654
570
236
98
868
796
987
858
801
153
148
980
26
379
354
496
246
925
933
875
885
743
569
508
53
948
377
956
16
778
852
386
330
197
37
648
606
560
784
765
95
929
840
624
820
64
982
558
581
460
613
768
434
946
864
492
659
442
292
445
850
352
514
386
453
772
908
737
439
543
369
862
870
931
412
428
951
397
87
342
493
633
853
938
129
434
652
114
699
573
785
441
183
192
806
759
427
989
623
769
117
629
666
672
313
659
772
812
359
478
272
324
595
313
834
261
862
243
410
381
138
783
284
682
179
231
972
580
65
618
823
612
658
431
181
80
804
764
499
12
216
640
37
446
106
137
264
205
461
490
109
903
860
141
745
758
179
617
481
519
483
376
347
39
556
736
368
481
53
796
366
848
879
70
74
918
831
395
962
159
834
539
673
717
380
211
979
392
921
345
144
81
924
875
454
500
206
269
38
24
149
13
337
109
838
676
20
288
398
980
734
933
738
224
810
578
278
797
208
20
442
987
437
425
265
135
867
65
523
9
492
1
59
44
312
949
74
423
318
938
202
800
846
877
47
72
653
379
735
790
378
422
395
748
885
337
573
944
319
41
921
232
53
568
896
262
294
94
984
683
708
350
375
658
575
938
598
28
828
916
11
4
709
883
278
615
347
854
109
370
198
576
931
927
669
136
419
53
768
939
650
114
826
704
994
88
581
728
939
786
510
257
453
570
639
221
560
80
739
275
140
472
404
594
76
705
864
813
61
166
146
32
229
915
965
246
127
109
995
260
355
733
316
925
377
803
946
946
894
716
993
166
679
168
364
483
266
906
754
93
949
189
608
289
790
591
464
82
713
644
471
976
392
26
12
980
196
341
44
277
218
670
634
472
961
940
907
696
856
551
232
178
229
861
830
995
23
868
447
536
285
699
867
442
663
349
409
212
290
498
670
290
890
907
777
560
159
410
181
100
642
260
989
449
897
228
159
241
782
542
543
509
758
60
844
988
797
200
895
335
422
791
471
229
304
366
434
64
525
748
190
962
692
948
414
437
950
101
696
278
469
631
411
629
289
892
165
484
476
353
43
730
85
440
146
402
178
92
666
29
246
543
730
376
530
787
902
419
208
179
565
888
498
246
735
356
385
376
596
469
522
356
23
520
666
329
778
134
858
704
275
498
326
975
292
794
328
70
465
631
578
484
218
250
728
220
487
525
675
770
747
596
593
499
570
614
266
246
276
596
646
894
635
220
458
625
257
650
986
560
403
100
288
738
466
368
954
471
304
365
154
231
647
195
511
373
277
88
152
227
916
807
201
619
534
919
934
702
405
861
332
45
88
639
23
715
178
927
510
347
725
840
867
810
76
856
142
339
158
697
513
700
478
461
846
722
502
270
69
565
884
352
858
858
461
620
451
529
126
417
967
410
602
593
177
633
86
365
36
955
944
270
200
508
781
913
427
143
577
94
316
537
625
750
224
522
877
206
471
9
610
164
952
43
428
965
529
239
120
960
195
849
231
283
10
145
630
648
243
263
426
603
478
942
330
579
538
610
21
554
912
495
234
379
127
879
70
975
982
880
263
812
897
704
727
851
659
565
101
668
706
533
374
976
79
111
489
155
924
205
575
340
425
175
49
650
103
844
76
436
997
39
199
949
537
484
637
779
166
214
182
603
667
486
680
826
21
826
443
330
51
855
905
495
350
909
612
53
44
246
202
440
290
905
764
880
518
634
316
263
543
630
460
975
652
197
364
397
737
433
307
700
1
725
847
216
21
308
351
920
506
296
693
159
48
419
873
831
694
221
729
298
523
98
869
470
40
607
862
356
818
473
399
902
811
771
155
995
736
290
846
472
140
454
840
948
347
679
268
160
676
721
214
337
886
158
771
139
43
351
891
916
305
262
473
75
941
171
715
755
419
177
124
583
864
901
591
540
448
2
391
781
292
787
537
167
363
398
403
11
465
209
958
249
757
165
758
303
764
251
162
421
763
647
463
107
17
720
199
834
235
672
806
844
194
542
838
578
255
238
712
232
774
362
547
230
448
584
969
206
634
135
156
644
939
854
665
47
155
211
858
3
719
469
919
297
441
695
735
948
269
218
256
23
662
93
374
536
926
827
192
116
500
58
478
558
152
755
30
695
722
731
983
27
673
189
636
286
775
49
818
625
777
333
733
629
749
583
132
251
12
804
909
629
407
600
715
740
165
331
564
328
762
899
279
245
44
516
171
864
735
777
394
174
425
597
580
741
887
923
8
290
958
350
957
742
869
278
479
397
559
280
573
860
751
224
0
399
557
605
134
468
765
386
571
871
782
221
665
499
552
629
526
338
831
813
164
249
980
927
567
323
722
511
935
8
174
965
52
570
207
782
289
292
109
448
10
904
895
320
519
371
596
138
627
486
987
84
206
844
734
704
941
915
105
691
788
761
33
655
338
677
535
465
82
206
43
80
538
988
405
723
844
977
975
629
770
852
191
241
670
714
441
563
663
617
441
410
968
410
181
449
483
618
88
580
467
613
547
125
847
872
95
931
842
722
190
891
759
485
935
630
929
655
647
303
641
576
53
343
281
191
750
599
565
861
719
657
393
38
425
444
165
15
647
954
310
312
811
623
462
264
814
752
51
111
614
558
677
573
721
974
153
780
752
350
227
284
720
589
360
419
993
607
729
862
9
365
539
273
851
373
140
127
233
107
744
303
785
532
993
803
866
26
77
750
968
953
729
313
437
388
36
833
32
589
918
473
802
280
47
272
146
98
668
535
443
779
284
817
563
685
800
159
820
448
657
639
464
812
804
568
549
874
712
757
360
24
208
156
317
439
932
217
357
578
130
36
576
228
66
643
794
38
183
493
66
165
865
821
757
100
679
47
474
19
57
330
806
300
604
922
455
741
303
224
390
807
139
993
350
282
495
16
489
195
737
376
977
971
608
443
140
685
22
264
432
347
707
588
670
333
589
368
308
8
740
410
850
263
41
835
534
281
959
356
259
334
682
14
460
199
323
813
111
49
941
239
940
622
450
511
413
816
447
193
679
899
767
553
798
126
395
293
103
69
918
75
350
758
918
424
48
877
414
159
515
471
961
90
722
959
418
447
301
801
215
554
13
577
363
531
532
375
26
684
67
785
247
10
21
676
849
949
121
361
69
773
597
720
461
107
341
748
702
17
931
51
887
183
145
15
597
619
506
510
124
124
246
323
47
539
588
334
264
375
641
759
868
347
351
954
926
150
26
991
979
135
892
378
21
451
703
42
777
973
794
536
636
672
717
5
834
276
111
24
278
219
143
419
286
990
39
201
766
529
380
350
77
943
226
26
533
203
557
84
187
813
994
104
734
581
131
100
476
384
978
5
336
684
277
136
880
617
863
791
955
541
176
67
272
556
762
296
297
939
204
714
342
63
140
106
70
63
605
613
289
171
305
393
217
295
151
388
254
488
645
211
176
753
385
427
751
130
465
32
135
302
643
832
424
824
294
595
633
458
887
34
284
425
824
712
509
336
402
209
172
175
68
958
194
335
108
322
104
229
945
221
410
513
99
242
227
187
202
742
322
977
92
192
986
798
531
527
88
906
178
749
509
858
567
294
683
900
404
828
861
138
424
883
662
736
595
628
108
571
870
888
605
792
72
3
935
455
582
514
358
714
26
650
182
461
92
407
281
124
710
893
530
251
184
775
96
870
92
218
926
126
725
220
303
461
945
726
871
710
893
484
796
668
343
629
83
173
910
699
152
138
693
609
869
710
367
140
155
520
701
311
447
55
763
431
803
282
712
663
901
529
988
441
661
443
260
418
176
285
936
97
306
307
230
908
160
982
792
870
307
554
520
865
977
11
515
932
53
291
883
817
535
179
607
534
366
316
261
253
305
344
704
338
613
10
692
121
681
871
582
714
269
431
961
866
113
412
235
527
170
302
590
591
31
872
802
742
897
971
424
138
33
460
961
476
852
573
892
150
649
885
767
299
676
124
237
768
595
240
550
589
452
869
164
103
337
84
849
869
12
867
198
245
157
565
799
11
643
789
394
197
591
268
790
798
604
213
376
837
42
937
96
265
146
549
346
987
347
692
408
512
427
233
414
738
881
885
526
986
887
65
481
875
830
745
830
998
241
461
477
438
211
845
453
375
549
545
355
304
311
954
572
978
424
616
1
548
201
785
305
373
835
331
85
357
281
742
445
944
888
273
960
119
426
911
224
228
506
886
948
699
299
556
439
352
225
822
278
353
360
998
246
713
395
632
484
5
381
217
70
758
684
629
982
980
995
652
15
292
150
399
392
766
273
733
766
229
953
589
375
315
460
983
664
689
996
547
247
464
422
845
85
279
257
308
99
553
690
854
605
138
60
810
668
102
621
385
846
582
828
769
520
384
79
680
571
73
921
521
500
410
431
630
798
908
284
187
858
962
154
346
910
778
569
985
532
727
437
348
809
366
959
895
342
594
222
277
267
438
502
86
63
815
718
936
637
4
431
117
272
538
545
877
846
32
960
768
675
540
467
410
53
369
245
187
148
278
756
890
748
995
135
46
563
930
405
64
965
720
920
992
528
719
337
634
89
881
93
332
285
339
4
544
604
916
642
713
399
40
991
795
50
669
561
388
605
25
169
768
700
726
115
574
751
156
310
61
980
553
812
801
591
383
148
528
147
178
779
932
691
820
393
333
634
719
559
268
664
895
854
214
957
801
914
331
0
700
406
74
913
707
314
467
85
707
63
680
47
623
802
281
691
486
927
139
238
950
501
780
465
127
695
221
92
950
995
684
504
900
275
925
397
131
169
741
154
693
88
139
914
312
709
715
531
274
404
33
187
101
895
382
955
198
74
409
181
272
201
141
762
185
722
3
428
53
608
292
154
135
532
797
346
273
200
536
800
827
510
419
757
192
506
63
3
97
633
6
837
124
673
906
251
389
655
38
586
207
928
972
594
110
983
435
850
836
941
297
102
959
559
821
696
52
985
922
101
410
761
241
222
797
238
430
110
973
686
956
916
154
47
280
998
398
357
775
365
592
842
989
696
8
156
27
865
20
25
132
971
70
309
172
237
247
428
30
544
805
427
368
244
188
176
157
937
347
986
303
961
54
970
70
283
868
233
978
858
612
316
321
652
321
803
109
14
527
167
205
333
760
193
414
159
968
111
478
744
705
273
981
9
308
410
945
642
493
170
724
680
177
736
332
178
991
941
983
45
912
84
208
816
540
349
954
777
195
472
472
742
836
391
735
72
901
245
425
178
8
874
599
119
455
688
298
577
228
464
382
582
607
789
131
749
60
411
697
55
264
960
431
456
496
656
312
796
526
183
91
374
73
719
526
692
720
377
959
935
60
976
62
62
623
841
833
169
116
494
789
595
955
282
807
633
457
888
21
392
898
660
811
691
605
138
469
585
299
717
886
53
954
0
707
927
996
905
335
480
807
60
532
651
273
731
603
654
634
42
552
480
662
880
709
484
109
314
208
764
897
346
140
897
204
702
930
478
715
19
921
253
290
575
17
785
149
613
280
515
713
883
622
936
365
96
332
718
912
178
900
887
424
268
348
223
308
668
701
232
799
458
483
605
994
252
832
99
300
982
881
858
272
335
996
627
587
63
564
829
569
21
75
168
812
893
812
42
647
879
730
543
501
770
280
931
161
406
989
283
649
330
507
274
524
818
437
623
549
90
275
308
244
840
19
265
375
19
30
223
986
866
436
745
616
56
756
108
508
355
28
703
313
115
770
173
682
504
285
879
687
908
411
975
740
759
287
712
592
897
310
681
263
523
295
544
956
590
661
627
799
413
586
377
391
375
889
879
692
668
664
991
723
897
833
971
903
246
195
263
944
596
393
5
443
564
951
50
582
643
165
917
646
657
786
103
967
697
421
357
127
963
554
299
639
373
56
492
151
224
859
948
709
47
99
206
666
658
288
537
209
152
48
525
525
859
151
236
974
797
922
499
455
785
424
943
431
228
213
725
145
107
852
930
939
846
808
185
32
377
271
715
10
435
588
616
367
55
47
499
967
0
707
996
280
450
740
159
949
747
628
218
346
833
408
828
788
925
667
337
281
572
503
858
532
103
747
385
962
584
581
106
414
909
141
477
77
577
860
343
56
253
424
817
236
126
605
744
807
440
353
451
48
113
740
556
955
472
17
309
985
947
982
308
376
856
316
929
676
283
203
412
441
103
878
83
92
112
678
89
101
772
781
987
75
98
826
379
764
370
436
623
543
356
844
909
977
77
611
277
344
173
285
56
654
803
969
998
878
201
719
939
172
444
77
235
636
324
453
701
867
786
78
564
649
287
557
560
803
17
55
708
84
248
910
352
371
15
215
550
925
118
164
26
32
453
322
34
41
99
361
493
130
731
435
544
444
784
187
611
396
711
156
339
261
515
51
840
291
847
106
134
447
883
305
601
284
273
331
538
68
786
531
975
495
370
681
806
162
58
900
441
424
892
125
797
304
552
942
620
450
29
886
851
479
652
355
54
972
926
546
664
754
814
221
542
430
937
641
651
504
194
483
702
834
634
503
87
31
372
925
385
45
575
65
128
952
869
308
580
725
552
908
479
415
707
77
192
906
462
186
970
282
852
461
750
806
967
894
556
359
771
91
577
431
664
836
370
960
145
290
719
794
857
908
19
144
229
470
280
495
221
910
55
636
372
964
277
977
430
861
17
628
793
28
321
228
292
430
933
441
229
584
947
391
487
847
353
710
552
812
722
618
808
122
775
714
821
485
23
54
484
345
265
10
634
132
942
601
760
65
292
600
813
330
668
273
149
393
717
704
943
443
530
94
893
410
558
31
556
37
152
466
515
830
937
541
585
496
730
458
439
186
483
25
76
948
782
675
903
342
250
497
367
968
548
495
119
873
911
945
725
655
468
752
625
679
581
528
843
122
587
897
493
605
215
960
16
483
541
794
82
865
213
557
308
221
764
210
914
700
287
690
764
551
71
524
786
337
64
937
764
536
683
805
303
973
532
633
619
545
573
265
553
422
633
351
674
744
414
603
339
574
185
352
413
497
261
283
368
936
790
442
984
84
704
575
359
759
629
200
122
940
67
541
728
219
251
133
533
716
886
884
429
149
602
45
555
81
938
504
273
655
900
225
746
860
868
45
107
958
222
41
353
663
657
561
804
450
190
721
728
325
304
380
44
274
773
918
691
436
658
64
608
771
38
24
575
316
421
146
311
903
588
912
507
46
828
729
151
912
815
56
288
671
96
908
156
780
503
424
825
428
258
102
26
639
103
284
619
30
365
523
309
566
283
504
237
277
608
186
943
808
834
919
585
918
466
562
938
709
548
813
633
31
708
870
313
904
460
210
394
175
146
171
507
903
534
567
243
657
889
271
816
343
530
360
287
575
442
193
49
274
119
146
158
616
485
317
475
218
536
964
623
300
95
335
156
581
482
375
121
340
452
340
284
681
427
136
837
837
420
942
965
286
908
578
677
259
354
951
292
721
880
375
408
48
711
778
445
29
682
470
459
764
331
534
89
745
898
427
64
187
748
644
563
286
584
107
442
324
645
846
550
328
311
134
79
790
64
16
513
290
347
390
740
852
819
137
643
220
259
852
92
119
47
760
38
982
583
296
353
520
211
584
167
892
122
263
273
309
429
574
68
257
312
732
18
552
49
183
292
150
937
553
437
572
215
645
434
330
652
460
342
65
857
273
866
760
316
957
153
270
938
847
946
118
94
332
503
676
151
719
618
90
296
789
703
87
585
583
268
501
227
189
556
445
441
612
267
505
826
699
445
222
874
640
368
716
152
402
351
492
819
58
24
805
125
251
813
858
706
515
182
564
153
965
736
975
833
581
719
867
839
519
319
330
923
68
264
296
171
978
888
732
215
182
954
570
484
785
956
731
380
932
926
754
754
18
798
435
811
577
481
106
400
395
444
268
120
23
193
694
675
263
908
761
217
895
629
615
920
633
304
389
172
767
8
740
729
846
74
333
469
171
637
753
104
221
480
458
405
358
540
970
714
991
888
342
835
463
940
222
174
576
333
260
167
983
502
438
515
806
720
937
393
319
616
52
196
319
846
327
526
796
503
727
7
789
160
327
267
381
459
323
529
355
734
604
471
32
414
987
763
318
931
124
221
842
13
41
592
238
772
391
599
582
117
393
916
100
640
888
291
138
830
756
542
148
280
145
642
311
75
336
342
354
696
457
747
351
728
442
287
438
428
775
260
135
354
726
462
113
931
133
481
292
754
890
952
712
871
831
314
960
393
873
991
326
947
323
929
747
181
188
582
435
699
249
881
683
810
864
304
705
39
42
872
431
298
340
196
386
479
603
813
477
605
425
611
957
879
712
90
977
713
882
280
377
221
547
970
847
738
483
566
166
582
660
627
134
434
796
285
760
444
879
261
444
114
253
261
781
154
691
257
494
359
241
705
300
813
119
99
311
93
37
933
933
492
197
688
541
271
183
232
261
905
465
264
241
188
57
866
633
798
473
708
437
755
237
806
759
536
651
960
277
688
88
473
114
103
339
2
96
211
889
473
293
475
356
793
167
336
680
262
588
680
884
750
514
65
809
371
736
434
18
133
887
709
736
197
481
417
217
221
476
389
365
147
595
566
132
107
674
761
535
892
307
52
186
307
202
446
634
219
505
903
113
855
305
290
195
406
22
832
883
965
173
94
920
194
724
606
142
772
999
571
610
568
3
717
773
391
752
533
404
675
416
395
354
440
62
499
451
191
436
165
750
141
614
892
5
771
829
742
620
239
201
178
12
919
630
441
987
133
1
706
682
550
351
857
67
949
482
970
620
245
417
71
932
851
291
82
161
850
8
604
420
752
900
267
986
733
833
346
623
891
560
194
641
465
507
990
302
618
658
429
259
939
944
289
803
738
889
196
456
418
562
842
689
114
477
561
111
581
984
893
917
668
937
432
301
384
912
54
417
532
505
975
492
966
884
278
502
518
251
846
173
455
583
973
791
963
967
904
33
860
919
269
50
20
801
728
945
373
146
845
151
597
483
540
563
346
906
995
769
27
293
845
406
342
139
816
418
718
71
29
834
237
66
416
936
463
579
886
818
695
381
295
460
578
821
833
259
177
695
508
808
429
684
492
836
915
522
825
478
687
800
706
310
980
564
520
965
417
331
319
627
56
637
687
501
672
922
913
481
946
773
644
639
480
595
24
190
953
72
602
399
34
703
277
410
399
835
794
428
6
70
526
866
844
821
50
68
193
983
16
369
495
929
481
890
192
575
227
702
741
304
776
98
123
671
98
274
991
193
370
953
98
520
471
177
640
451
92
783
811
919
83
350
628
415
621
854
73
899
627
777
746
152
303
602
966
860
899
682
883
156
419
336
794
988
919
60
888
338
664
489
424
375
868
157
254
635
501
558
656
636
483
850
93
378
882
507
287
67
942
509
204
142
211
205
744
254
905
456
903
605
140
638
870
930
129
705
153
144
5
581
895
597
952
846
209
588
398
681
802
455
670
128
817
572
868
493
257
219
689
425
801
81
762
650
935
444
854
647
712
716
640
946
971
298
821
953
379
224
415
448
411
740
344
574
220
10
587
610
433
46
435
763
244
779
871
201
777
194
621
251
512
10
324
150
256
400
294
6
415
51
217
316
958
319
751
772
913
941
91
42
420
699
964
489
617
469
271
135
591
551
900
673
580
381
891
526
274
322
519
474
472
33
32
58
199
20
487
302
245
166
602
920
647
399
695
552
574
924
117
713
572
808
526
372
273
635
49
151
534
524
405
345
746
638
263
52
98
389
852
984
947
564
986
368
356
877
848
587
415
548
303
74
6
80
120
385
994
390
820
899
462
315
363
502
74
598
204
152
516
793
723
765
736
274
832
662
936
850
948
432
823
561
599
686
64
171
37
867
596
451
767
696
751
787
973
414
484
37
457
457
631
969
854
962
264
652
352
863
552
809
286
728
339
38
354
473
605
758
145
255
394
86
253
625
454
111
55
661
875
463
730
555
816
531
940
506
358
381
798
77
454
454
874
602
406
97
763
871
987
236
600
993
977
307
307
346
597
19
958
718
243
367
749
139
187
91
502
954
671
683
525
30
304
854
116
536
173
285
712
44
701
594
799
228
796
470
749
431
498
755
69
286
33
43
940
507
605
155
362
686
390
808
754
965
984
4
265
375
852
413
467
661
247
131
568
781
976
819
982
541
535
692
784
873
33
821
132
81
944
10
603
977
823
337
33
614
204
5
60
826
14
63
129
365
77
371
426
376
608
702
51
982
794
826
700
810
102
603
25
871
690
233
853
24
456
819
398
389
54
44
633
790
391
653
342
343
955
175
406
440
81
915
601
352
941
399
260
806
981
679
375
779
629
686
437
855
2
744
644
694
356
942
949
727
428
708
53
465
429
466
386
227
431
349
505
262
438
538
684
648
97
790
65
256
870
373
893
177
163
389
425
54
552
206
730
16
521
928
188
455
679
385
921
202
725
602
466
444
39
412
944
150
455
772
317
163
370
401
484
707
559
174
735
527
448
296
942
190
65
453
125
227
941
759
95
356
231
420
567
758
166
827
429
818
594
845
245
566
371
246
299
265
362
943
354
775
846
753
981
733
952
343
629
322
67
72
480
363
562
688
979
649
622
283
542
376
615
29
966
790
175
168
712
574
926
115
32
169
680
828
417
473
467
82
991
793
197
329
457
187
490
786
155
23
474
399
455
701
217
16
643
536
593
45
78
311
250
352
27
793
985
389
584
5
462
170
273
595
975
5
829
490
666
486
459
694
400
875
741
493
525
762
377
655
900
478
481
376
592
848
49
252
421
569
230
525
268
978
869
436
469
545
729
354
439
632
286
145
131
571
803
844
263
182
685
759
126
145
677
596
108
793
548
716
343
36
13
655
666
992
248
608
155
296
591
935
684
892
514
12
903
900
485
469
10
330
281
316
370
473
247
656
523
45
296
319
957
120
315
709
235
14
886
147
621
935
477
726
30
758
193
667
528
506
295
781
474
152
401
746
979
331
314
272
937
330
899
895
538
108
939
795
932
466
131
681
968
736
335
387
152
618
392
698
409
312
990
455
644
309
19
950
351
922
699
127
25
114
655
74
922
321
129
655
880
886
578
383
166
690
863
898
407
908
594
886
72
634
125
8
972
406
649
779
121
634
340
2
951
186
825
11
65
357
370
83
444
935
360
720
596
750
715
686
830
855
877
681
856
125
432
924
549
981
760
588
557
632
283
181
40
622
301
710
979
371
425
395
275
305
889
719
582
123
126
444
642
896
883
409
253
540
292
159
315
271
364
847
526
680
452
939
216
506
863
864
980
440
586
477
178
312
697
682
121
666
124
960
542
980
169
913
115
579
547
828
148
376
617
527
554
132
521
961
722
577
658
515
16
975
513
162
652
568
251
885
367
49
394
173
383
653
219
869
614
383
660
919
905
196
490
625
140
810
640
890
499
153
100
837
955
989
155
617
902
573
405
954
670
139
195
24
929
280
845
361
314
435
848
910
432
830
268
39
480
614
652
700
22
861
503
433
305
693
979
636
988
331
169
182
416
901
347
212
175
337
242
954
291
252
277
91
221
988
707
231
210
499
57
473
728
296
679
515
894
131
453
408
273
109
884
398
667
250
623
527
925
948
967
82
181
421
285
283
547
913
963
419
774
493
828
965
732
848
978
847
630
500
246
625
721
945
657
645
897
751
497
842
520
149
752
999
812
651
199
497
751
672
943
25
424
593
608
805
487
439
34
561
165
499
449
922
601
105
86
495
752
399
255
580
228
280
873
980
413
593
644
266
637
206
373
4
476
178
585
821
140
554
340
502
511
725
282
376
221
355
61
392
922
598
973
999
676
569
485
141
514
491
690
346
591
200
279
961
902
69
931
193
128
13
620
976
985
37
989
454
184
361
563
220
261
281
685
488
301
435
162
406
728
254
140
492
548
304
954
914
490
749
507
548
62
732
390
37
861
80
287
490
975
664
668
552
371
515
85
338
298
396
914
492
811
997
518
21
70
835
873
140
676
286
764
179
259
699
325
40
472
664
819
605
653
788
411
414
618
608
864
387
71
574
898
97
8
604
933
625
801
821
90
780
241
605
931
385
915
710
335
565
438
364
517
814
287
209
702
148
613
53
883
860
2
518
309
707
385
872
36
731
762
986
103
349
507
621
562
515
569
193
622
800
620
965
802
863
960
819
551
485
287
206
225
612
652
385
425
244
987
725
791
824
525
214
925
19
519
619
23
669
513
736
159
974
276
433
908
13
237
246
707
845
390
622
134
149
244
17
16
42
739
734
299
956
533
765
256
378
721
250
925
42
840
942
501
785
116
84
242
803
665
669
85
488
397
665
654
108
324
691
559
665
163
47
594
754
246
266
275
734
966
662
369
751
138
457
958
255
254
673
613
103
849
198
419
659
368
419
222
468
352
459
986
395
505
100
562
383
189
699
604
548
320
604
101
480
418
499
860
667
839
236
395
202
448
979
759
528
163
801
664
266
725
565
764
229
311
330
415
167
6
82
45
814
796
175
871
73
397
441
132
113
812
842
559
139
987
226
30
173
898
935
787
938
174
292
523
828
419
949
635
181
940
764
219
394
343
276
531
133
470
728
553
261
863
318
909
60
110
493
492
901
576
600
728
271
256
702
761
27
863
439
492
382
212
750
905
363
403
574
219
736
762
130
841
763
942
964
457
874
940
593
772
484
683
0
557
46
47
445
699
254
265
583
605
701
873
866
813
717
334
353
525
96
444
924
254
200
12
353
864
240
73
226
772
558
174
140
565
355
502
63
452
265
659
550
251
512
392
213
297
564
146
50
204
871
17
826
429
534
428
761
133
731
842
708
118
591
781
871
868
593
209
62
274
320
563
66
256
281
996
155
786
853
645
852
693
953
212
607
34
107
500
334
93
263
451
83
143
948
492
957
822
613
157
776
543
791
852
159
986
540
522
0
876
346
353
44
66
84
914
825
353
378
663
358
410
527
439
723
186
407
975
755
504
195
302
167
232
563
97
512
621
822
133
928
891
81
428
469
441
106
238
819
45
911
968
29
578
528
370
32
941
542
251
908
77
846
279
192
233
990
368
705
819
539
842
30
282
69
768
923
637
183
797
288
779
55
357
494
24
214
330
397
418
84
770
365
506
995
253
871
581
582
76
630
682
71
141
472
158
186
355
187
523
825
602
326
983
84
537
701
65
228
568
304
606
853
393
1
337
494
979
672
826
774
697
813
797
981
417
760
579
308
80
576
862
514
730
135
341
412
296
807
872
999
554
523
453
789
476
676
480
938
654
31
714
370
130
367
288
314
386
788
629
631
434
319
362
630
345
152
889
73
773
799
929
339
948
396
779
433
447
435
867
4
849
167
842
543
933
682
432
905
533
518
791
776
599
27
115
907
2
502
558
689
758
514
800
395
314
909
979
211
439
250
236
712
769
462
973
143
357
513
792
535
678
907
510
649
314
529
886
707
313
611
81
183
814
443
905
524
590
739
602
121
334
851
625
241
593
830
801
464
334
561
572
224
680
527
759
576
855
444
846
138
428
52
822
439
505
470
89
866
191
682
900
918
593
812
621
844
438
125
248
13
436
109
81
944
975
903
731
888
274
584
863
101
332
301
193
366
563
992
548
840
783
638
237
166
604
657
212
29
867
717
159
202
131
905
410
714
361
12
257
893
558
578
126
56
271
313
885
246
968
780
660
755
530
803
192
925
164
165
275
471
909
219
418
939
903
642
691
355
495
213
923
731
593
429
21
431
929
22
927
389
692
415
71
815
965
301
339
295
779
692
429
383
384
924
269
76
372
380
992
86
711
453
383
535
910
5
410
509
781
111
371
822
523
628
80
55
187
784
952
529
807
883
646
608
567
546
11
521
334
625
70
80
541
536
207
363
73
703
801
791
272
543
861
693
905
511
931
32
529
655
100
69
2
733
691
231
334
522
841
911
153
599
592
509
140
457
87
37
150
687
916
648
989
780
201
550
450
61
301
973
547
432
130
513
18
342
326
448
290
720
827
833
553
618
514
896
841
86
533
912
633
527
353
694
129
744
82
733
467
273
904
36
588
965
552
16
257
443
229
175
615
703
677
666
339
493
96
558
360
841
443
736
38
733
259
90
959
480
461
407
622
56
139
950
985
100
352
102
269
304
76
399
952
357
883
328
641
220
551
107
851
847
406
153
305
309
823
747
220
208
222
478
696
285
487
386
357
359
431
624
904
832
573
973
721
709
712
575
616
924
202
154
553
85
354
696
470
90
304
283
468
772
713
384
749
956
130
218
356
843
233
880
776
111
798
204
64
170
41
913
556
384
406
688
212
69
403
15
602
56
410
175
58
136
809
408
914
498
151
683
284
324
249
132
960
489
218
185
558
385
514
484
690
933
685
393
640
884
292
308
247
180
625
546
834
864
795
586
545
290
650
401
102
846
260
678
811
99
390
272
337
975
542
322
676
173
853
472
930
38
362
514
794
897
586
970
233
816
531
538
463
809
863
263
369
117
151
